maple_f2trc_s: 844.3587857142857
maple_mix: 917.2083571428573
maple_dl_f2trc: 956.2146428571428
exp_v_mld_cbt_dl: 987.2212857142856
exp_v_lgb_mld_cbt_dl: 996.7144999999999
maple_scavel01: 998.151357142857
maple_scavel02: 1000.4352857142858
relaxed_newtech: 1016.0104285714286
slime: 1030.758157142857
maple_scavel: 1031.0190714285716
relaxed_notimepara: 1034.9447142857143
relaxed: 1036.822
maplecomsps_lrb_vsids_2: 1042.0227857142859
undominated: 1042.5523571428573
duriansat: 1048.8637142857142
maple_f2trc: 1076.2043571428571
exmaple_padc_dl: 1096.662142857143
maple_alluip_trail: 1112.1299285714285
maplelcmdistchronobt_dl_v3: 1121.1970000000001
exmaple_padc_dl_ovau_lin: 1155.7679285714287
kissat_sat: 1173.306642857143
maple_simp: 1199.3622142857143
maple_cm_dist: 1284.669357142857
maple_cmused_dist: 1332.1064285714288
kissat: 1451.9934142857144
maple_lrb_vsids_2_init: 1483.2645714285716
upglucose_3_padc: 1591.382214285714
exp_v_l_mld_cbt_dl: 1663.9734999999998
exp_l_mld_cbt_dl: 1665.2766428571429
exmaple_padc_dl_ovau_exp: 1672.4792857142854
exmaple_psids_dl: 1766.05
maple_cm_dist_simp2: 2282.2408571428573
glucose3: 2335.7984285714288
cadical_sc2020: 2680.979785714286
undominated_top16: 2968.8854285714283
undominated_top24: 2968.9302142857146
undominated_top36: 2976.286285714286
cryptominisat_ccnr_lsids: 3188.018428571429
cryptominisat_walksat: 3395.259785714286
cryptominisat_ccnr: 3412.0173571428572
cadical_trail: 3507.167
cadical_alluip_trail: 3661.140071428571
cadical_alluip: 3677.322357142857
parafrost_cbt: 3998.4610000000002
parafrost: 4219.178
kissat_unsat: 4389.729071428571
maple_cm_dist_sattime2s: 4822.867428571429
pausat: 10000.0
