cadical_alluip_trail: 2912.096903142857
cadical_alluip: 2913.1669951428576
kissat_unsat: 3179.0885000000003
kissat_sat: 3451.4175377142856
kissat: 3485.010992
relaxed_newtech: 3526.872856285714
cadical_trail: 3666.8578220000004
relaxed_notimepara: 3746.7294105714277
cryptominisat_ccnr: 3786.6216714285715
cryptominisat_ccnr_lsids: 4124.1618314285715
relaxed: 4441.16705342857
cadical_sc2020: 4720.707974285714
cryptominisat_walksat: 5065.054411428571
duriansat: 6031.830000000001
maple_cm_dist_sattime2s: 6285.050771428571
maple_cm_dist_simp2: 6601.912342857143
maple_dl_f2trc: 6664.899742857143
slime: 7000.315285714287
exmaple_padc_dl: 7064.8506285714275
exmaple_psids_dl: 7136.066285714286
exmaple_padc_dl_ovau_exp: 7290.760885714284
maple_scavel: 7425.459494285715
maple_cmused_dist: 7428.7644
exp_v_mld_cbt_dl: 7483.221077142856
maple_cm_dist: 7487.397199999999
maple_alluip_trail: 7495.091771428573
exp_v_l_mld_cbt_dl: 7538.03337142857
undominated: 7563.833685714286
maple_scavel02: 7566.568205714286
exp_l_mld_cbt_dl: 7702.3442000000005
exp_v_lgb_mld_cbt_dl: 7705.280685714286
maple_mix: 7713.20040857143
maple_simp: 7732.878142857143
maplelcmdistchronobt_dl_v3: 7778.330942857142
exmaple_padc_dl_ovau_lin: 7782.174514285714
maple_f2trc_s: 7782.680885714286
glucose3: 7813.4452
maple_f2trc: 7875.720871428572
maple_scavel01: 7936.167885714285
upglucose_3_padc: 8027.033
parafrost_cbt: 8173.7466857142845
parafrost: 8327.208857142858
maplecomsps_lrb_vsids_2: 8341.309662857142
maple_lrb_vsids_2_init: 8364.567277142858
undominated_top16: 9275.789285714285
undominated_top24: 9276.136057142858
undominated_top36: 9276.7434
pausat: 9773.647142857144
