kissat: 1242.6931470588233
kissat_sat: 1412.3961117647061
cadical_alluip_trail: 3093.768117647059
cadical_alluip: 3112.221176470589
cadical_sc2020: 3181.1423882352938
cadical_trail: 3923.046294117646
relaxed_newtech: 4411.1550588235295
relaxed_notimepara: 4768.7651470588235
relaxed: 5520.308558823529
kissat_unsat: 5799.968941176469
cryptominisat_ccnr_lsids: 7414.213976470588
maple_scavel01: 7441.269882352942
cryptominisat_ccnr: 7475.697235294117
maple_cm_dist_sattime2s: 7492.757823529411
cryptominisat_walksat: 7527.4994705882345
maple_dl_f2trc: 7619.846470588235
maple_f2trc_s: 7660.89288235294
exp_v_lgb_mld_cbt_dl: 7732.599882352942
exp_l_mld_cbt_dl: 7790.427470588234
exp_v_l_mld_cbt_dl: 7791.742470588236
maple_cm_dist: 7831.043588235295
maple_scavel02: 8010.330647058822
exmaple_padc_dl_ovau_lin: 8019.0242941176475
maplecomsps_lrb_vsids_2: 8058.4214647058825
maple_f2trc: 8170.698235294118
maple_scavel: 8243.08188235294
slime: 8269.107647058823
exmaple_psids_dl: 8277.504705882353
undominated: 8449.670470588235
maple_alluip_trail: 8457.976705882353
maple_simp: 8490.218705882353
exmaple_padc_dl: 8505.421470588235
exp_v_mld_cbt_dl: 8627.937823529412
maple_lrb_vsids_2_init: 9033.261764705883
maple_mix: 9111.680764705881
duriansat: 9220.369411764706
maplelcmdistchronobt_dl_v3: 9442.613176470588
parafrost: 9457.46388235294
maple_cmused_dist: 9522.326470588234
glucose3: 9569.984117647058
upglucose_3_padc: 9634.708235294118
exmaple_padc_dl_ovau_exp: 10000.0
maple_cm_dist_simp2: 10000.0
parafrost_cbt: 10000.0
pausat: 10000.0
undominated_top16: 10000.0
undominated_top24: 10000.0
undominated_top36: 10000.0
