kissat: 861.746142857143
kissat_unsat: 1209.125
kissat_sat: 1217.0485
cryptominisat_ccnr_lsids: 1253.3239999999998
cryptominisat_walksat: 1382.7447857142859
cryptominisat_ccnr: 1391.0209285714284
duriansat: 1636.4684285714286
maple_mix: 1824.2950714285714
cadical_alluip: 1842.419285714286
cadical_alluip_trail: 1875.753
undominated_top24: 2097.1820714285714
undominated_top36: 2099.2127857142855
undominated_top16: 2103.6432142857147
undominated: 2319.28
exmaple_padc_dl: 2326.5197857142857
cadical_sc2020: 2355.8239285714285
exmaple_psids_dl: 2377.7107142857144
maple_f2trc: 2478.640357142857
maple_dl_f2trc: 2551.424
upglucose_3_padc: 2717.731414285714
relaxed: 2770.5676428571423
maplelcmdistchronobt_dl_v3: 2813.011285714286
maplecomsps_lrb_vsids_2: 2883.6297142857147
exmaple_padc_dl_ovau_lin: 2928.1398571428567
slime: 3031.865714285714
relaxed_notimepara: 3087.304428571429
maple_scavel: 3107.4619285714284
maple_scavel01: 3132.789
relaxed_newtech: 3170.7429999999995
maple_scavel02: 3209.453142857143
maple_simp: 3209.782571428572
maple_f2trc_s: 3305.2954285714286
maple_lrb_vsids_2_init: 3343.7806428571434
exmaple_padc_dl_ovau_exp: 3397.209928571429
exp_v_mld_cbt_dl: 3574.9030714285714
cadical_trail: 3811.1399285714288
maple_cmused_dist: 3985.2650000000003
exp_v_lgb_mld_cbt_dl: 3989.9772857142852
exp_l_mld_cbt_dl: 4138.9514285714295
maple_alluip_trail: 4159.314285714287
exp_v_l_mld_cbt_dl: 4257.5257142857145
glucose3: 4368.024357142857
parafrost_cbt: 5517.1221428571425
maple_cm_dist_simp2: 5623.127857142857
maple_cm_dist: 5769.754285714286
maple_cm_dist_sattime2s: 6100.865785714285
parafrost: 6579.202857142857
pausat: 9233.530714285715
