maple_scavel01: 5052.486328571429
exp_v_lgb_mld_cbt_dl: 5053.188942857143
maple_scavel02: 5053.113085714285
exp_v_mld_cbt_dl: 5054.732471428571
maple_scavel: 5055.296328571429
relaxed: 5056.465535714285
exp_l_mld_cbt_dl: 5058.462071428572
exp_v_l_mld_cbt_dl: 5058.0983642857145
undominated: 5059.406907142858
maple_mix: 5065.402657142857
maple_simp: 5071.131985714286
exmaple_padc_dl_ovau_exp: 5073.0755500000005
maplelcmdistchronobt_dl_v3: 5084.437914285715
cryptominisat_ccnr: 5086.546642857143
cryptominisat_walksat: 5087.443142857142
maple_dl_f2trc: 5087.733521428571
exmaple_padc_dl: 5088.200664285714
maple_f2trc: 5088.340864285715
cryptominisat_ccnr_lsids: 5092.353071428572
exmaple_padc_dl_ovau_lin: 5100.465535714286
relaxed_newtech: 5103.752414285715
slime: 5147.698214285714
duriansat: 5150.254428571429
relaxed_notimepara: 5185.587535714286
undominated_top16: 5192.626178571429
undominated_top24: 5192.261457142857
undominated_top36: 5192.824635714286
exmaple_psids_dl: 5240.68532857143
maple_f2trc_s: 5268.285007142857
cadical_sc2020: 5469.231207142858
maple_lrb_vsids_2_init: 6037.654121428571
maplecomsps_lrb_vsids_2: 6061.438435714285
cadical_alluip_trail: 6188.130221428571
cadical_alluip: 6189.677892857142
maple_cmused_dist: 6605.207428571429
maple_cm_dist_simp2: 6618.169714285715
maple_cm_dist_sattime2s: 6661.8165714285715
maple_cm_dist: 7205.654928571428
maple_alluip_trail: 7258.105714285714
cadical_trail: 7447.4829928571435
kissat_sat: 7889.023085714286
upglucose_3_padc: 8582.793988571428
glucose3: 8593.4917
parafrost: 8605.383078571429
parafrost_cbt: 8706.359607142856
kissat: 8992.960000000001
kissat_unsat: 10000.0
pausat: 10000.0
