kissat: 6221.368571428572
kissat_unsat: 6357.939571428571
cadical_alluip_trail: 7902.686428571428
cadical_alluip: 7905.79
cadical_trail: 8181.892142857143
maple_f2trc_s: 8297.530357142856
kissat_sat: 8310.19357142857
exp_v_lgb_mld_cbt_dl: 8552.769285714287
exmaple_padc_dl_ovau_lin: 8662.89057142857
slime: 8678.550142857142
maplelcmdistchronobt_dl_v3: 8679.917714285713
exmaple_psids_dl: 8684.557928571428
maple_mix: 8685.03
exmaple_padc_dl_ovau_exp: 8686.75
undominated: 8686.526285714286
exmaple_padc_dl: 8700.765357142856
maple_simp: 8701.62357142857
maple_f2trc: 8725.2145
maple_dl_f2trc: 8728.825071428571
maplecomsps_lrb_vsids_2: 8732.504142857142
maple_lrb_vsids_2_init: 8753.390000000001
relaxed_newtech: 8772.372142857143
relaxed_notimepara: 8807.277142857143
glucose3: 8878.768571428573
upglucose_3_padc: 8878.997142857143
exp_v_l_mld_cbt_dl: 8886.254285714285
exp_l_mld_cbt_dl: 8887.452857142856
maple_cm_dist: 8889.728571428572
exp_v_mld_cbt_dl: 8900.409285714286
maple_cmused_dist: 8916.650714285714
maple_cm_dist_sattime2s: 8921.294285714286
maple_alluip_trail: 8922.619285714285
maple_scavel: 8925.260714285714
duriansat: 8931.591428571428
maple_cm_dist_simp2: 8939.816428571428
relaxed: 8961.624285714284
cadical_sc2020: 8969.897857142858
cryptominisat_ccnr: 8976.207857142857
maple_scavel01: 8977.294285714286
cryptominisat_walksat: 8993.705
maple_scavel02: 8998.999285714284
cryptominisat_ccnr_lsids: 9005.887142857144
parafrost_cbt: 9358.649285714286
parafrost: 9362.033571428572
pausat: 10000.0
undominated_top16: 10000.0
undominated_top24: 10000.0
undominated_top36: 10000.0
