maple_f2trc: 1796.7189878571428
maple_simp: 1813.901357142857
relaxed_newtech: 1838.9417857142857
relaxed_notimepara: 1899.8018571428572
maple_mix: 1937.7072142857141
kissat: 1986.818614285714
undominated: 2007.0387642857143
cadical_alluip_trail: 2021.755107142857
cadical_alluip: 2025.7838142857142
relaxed: 2025.3286428571432
cryptominisat_ccnr_lsids: 2035.7625928571426
cryptominisat_ccnr: 2044.6659428571427
slime: 2062.026535714286
exmaple_psids_dl: 2075.8956428571432
maple_f2trc_s: 2139.708357142857
cadical_sc2020: 2185.296
cadical_trail: 2289.2084142857143
exmaple_padc_dl_ovau_exp: 2303.3773071428573
maplelcmdistchronobt_dl_v3: 2308.936857142857
cryptominisat_walksat: 2326.366428571429
exmaple_padc_dl: 2335.1815714285717
kissat_sat: 2350.381818571429
exmaple_padc_dl_ovau_lin: 2428.615071428572
maple_dl_f2trc: 2533.972815
exp_l_mld_cbt_dl: 2557.9299285714287
exp_v_l_mld_cbt_dl: 2635.008642857142
maple_alluip_trail: 2648.0332857142857
exp_v_mld_cbt_dl: 2767.645285714286
kissat_unsat: 2778.507
maplecomsps_lrb_vsids_2: 2867.5450714285716
maple_cm_dist_simp2: 2876.428785714286
glucose3: 2878.2328571428575
maple_lrb_vsids_2_init: 2913.2928571428565
maple_cm_dist: 3102.9896428571433
parafrost_cbt: 3169.1755714285714
upglucose_3_padc: 3191.1344357142852
maple_scavel01: 3279.5929285714287
maple_cm_dist_sattime2s: 3324.603357142857
exp_v_lgb_mld_cbt_dl: 3330.8579285714286
maple_scavel: 3408.5168571428576
maple_cmused_dist: 3424.052785714285
duriansat: 3461.0337857142854
parafrost: 3575.9004999999997
maple_scavel02: 4126.292428571428
undominated_top16: 6427.484714285713
undominated_top36: 6429.284214285714
undominated_top24: 6431.484357142857
pausat: 10000.0
