cryptominisat_ccnr_lsids: 5026.381557142859
cryptominisat_ccnr: 5031.161528571428
cryptominisat_walksat: 5031.562192857143
relaxed_notimepara: 5239.173342857143
relaxed_newtech: 5307.488157142857
relaxed: 5318.996635714285
exmaple_padc_dl_ovau_lin: 5629.846235714285
kissat_unsat: 5859.681592857143
undominated: 5863.991642857144
exmaple_padc_dl_ovau_exp: 5884.542871428572
maple_simp: 5928.825721428572
maple_scavel: 5940.311164285714
duriansat: 5992.137000000001
exmaple_padc_dl: 6043.260249999999
maple_alluip_trail: 6135.533378571427
maple_scavel01: 6139.508042857144
maple_scavel02: 6308.124871428571
maplelcmdistchronobt_dl_v3: 6581.022107142858
undominated_top24: 6587.514128571428
undominated_top16: 6588.9884357142855
undominated_top36: 6588.566957142857
maple_mix: 6654.563728571427
maple_f2trc_s: 6778.264642857142
maple_f2trc: 6809.715821428571
maple_dl_f2trc: 6815.164257142857
exmaple_psids_dl: 6824.006785714286
kissat_sat: 7149.728335
kissat: 7865.211485714286
slime: 8375.557285714285
exp_v_lgb_mld_cbt_dl: 8579.962828571428
exp_v_mld_cbt_dl: 8580.083257142858
maple_cm_dist_simp2: 8580.405935714285
cadical_alluip: 8582.110278571428
cadical_alluip_trail: 8582.062885714286
maple_cm_dist_sattime2s: 8586.049414285715
cadical_sc2020: 8673.284157142856
parafrost: 8819.388571428572
parafrost_cbt: 9089.727857142858
maplecomsps_lrb_vsids_2: 9287.31695
maple_cm_dist: 9288.009785714286
maple_cmused_dist: 9288.06337142857
glucose3: 9510.585714285715
maple_lrb_vsids_2_init: 9585.395
cadical_trail: 10000.0
exp_l_mld_cbt_dl: 10000.0
exp_v_l_mld_cbt_dl: 10000.0
pausat: 10000.0
upglucose_3_padc: 10000.0
