cryptominisat_walksat: 8674.814285714287
relaxed_newtech: 8715.011642857144
kissat: 9461.981428571427
cadical_alluip: 10000.0
cadical_alluip_trail: 10000.0
cadical_sc2020: 10000.0
cadical_trail: 10000.0
cryptominisat_ccnr: 10000.0
cryptominisat_ccnr_lsids: 10000.0
duriansat: 10000.0
exmaple_padc_dl: 10000.0
exmaple_padc_dl_ovau_exp: 10000.0
exmaple_padc_dl_ovau_lin: 10000.0
exmaple_psids_dl: 10000.0
exp_l_mld_cbt_dl: 10000.0
exp_v_lgb_mld_cbt_dl: 10000.0
exp_v_l_mld_cbt_dl: 10000.0
exp_v_mld_cbt_dl: 10000.0
glucose3: 10000.0
kissat_sat: 10000.0
kissat_unsat: 10000.0
maple_alluip_trail: 10000.0
maple_cm_dist: 10000.0
maple_cm_dist_sattime2s: 10000.0
maple_cm_dist_simp2: 10000.0
maple_cmused_dist: 10000.0
maplecomsps_lrb_vsids_2: 10000.0
maple_dl_f2trc: 10000.0
maple_f2trc: 10000.0
maple_f2trc_s: 10000.0
maplelcmdistchronobt_dl_v3: 10000.0
maple_lrb_vsids_2_init: 10000.0
maple_mix: 10000.0
maple_scavel01: 10000.0
maple_scavel02: 10000.0
maple_scavel: 10000.0
maple_simp: 10000.0
parafrost: 10000.0
parafrost_cbt: 10000.0
pausat: 10000.0
relaxed: 10000.0
relaxed_notimepara: 10000.0
slime: 10000.0
undominated: 10000.0
undominated_top16: 10000.0
undominated_top24: 10000.0
undominated_top36: 10000.0
upglucose_3_padc: 10000.0
