cadical_sc2020: 5215.628394785714
kissat_sat: 5357.146157142857
kissat: 5729.239427857143
cadical_alluip: 6575.160218142856
cadical_alluip_trail: 6575.216238285714
relaxed: 6729.939232785714
cryptominisat_walksat: 6765.018428571429
parafrost: 6780.7672142857145
kissat_unsat: 6900.4188807142855
cryptominisat_ccnr: 7301.094821428572
relaxed_newtech: 7589.2942517142865
cadical_trail: 7893.239014285714
cryptominisat_ccnr_lsids: 7910.110614285714
parafrost_cbt: 7964.0885714285705
relaxed_notimepara: 8163.909814285713
upglucose_3_padc: 8257.797642857144
glucose3: 8306.255714285715
exp_v_lgb_mld_cbt_dl: 8354.250714285716
maplelcmdistchronobt_dl_v3: 8642.704214285714
maple_cm_dist_sattime2s: 8685.728896999999
maple_mix: 8710.862928571429
slime: 8732.7675
maple_alluip_trail: 8743.419285714286
exmaple_psids_dl: 8770.023614285714
exp_v_mld_cbt_dl: 8771.030357142858
maple_scavel: 8771.158500000001
maple_f2trc_s: 8804.36492857143
exmaple_padc_dl_ovau_lin: 8912.114714285713
maple_cm_dist: 8917.958642857144
maple_scavel01: 8920.361428571428
maple_lrb_vsids_2_init: 8976.047142857144
maple_scavel02: 9042.981428571427
undominated: 9332.216928571428
maple_f2trc: 9337.003285714285
exmaple_padc_dl_ovau_exp: 9341.481428571427
exmaple_padc_dl: 9354.474428571428
maple_simp: 9447.881428571429
maplecomsps_lrb_vsids_2: 9459.749285714284
maple_cmused_dist: 9472.255000000001
maple_cm_dist_simp2: 9482.38357142857
exp_l_mld_cbt_dl: 9483.127857142857
exp_v_l_mld_cbt_dl: 9539.011428571428
maple_dl_f2trc: 9563.989285714286
duriansat: 10000.0
pausat: 10000.0
undominated_top16: 10000.0
undominated_top24: 10000.0
undominated_top36: 10000.0
