cryptominisat_ccnr_lsids: 4958.701071428572
relaxed_newtech: 5863.208785714285
relaxed: 5868.883500000001
maple_lrb_vsids_2_init: 5885.589857142857
maple_dl_f2trc: 5960.716285714285
cryptominisat_ccnr: 5976.210857142857
maplecomsps_lrb_vsids_2: 6268.5082142857145
undominated: 6305.719785714285
maple_f2trc_s: 6456.978499999999
relaxed_notimepara: 6596.615928571429
maple_simp: 6627.631642857144
exmaple_padc_dl_ovau_lin: 6727.611928571429
exmaple_padc_dl: 6753.044785714285
cadical_trail: 6864.953071428571
maple_alluip_trail: 6865.477285714286
maple_cm_dist: 6935.489571428571
maple_cm_dist_simp2: 6947.377928571429
cryptominisat_walksat: 6964.338071428571
cadical_sc2020: 6994.197357142858
slime: 7008.381428571428
maple_scavel01: 7098.0925
maplelcmdistchronobt_dl_v3: 7107.626142857143
maple_mix: 7114.231428571429
exmaple_padc_dl_ovau_exp: 7121.747642857142
maple_f2trc: 7135.239642857144
kissat_sat: 7435.6257857142855
undominated_top16: 7476.061857142858
undominated_top36: 7476.689785714286
undominated_top24: 7480.084928571428
exp_v_mld_cbt_dl: 7486.3508571428565
maple_scavel: 7487.328
maple_scavel02: 7515.325928571429
maple_cmused_dist: 7538.792642857143
exp_v_lgb_mld_cbt_dl: 7559.896000000001
maple_cm_dist_sattime2s: 7564.197928571428
duriansat: 7600.883785714286
cadical_alluip: 7669.675642857142
cadical_alluip_trail: 7675.8255
exp_v_l_mld_cbt_dl: 8093.436500000001
exp_l_mld_cbt_dl: 8094.388642857143
upglucose_3_padc: 8112.720357142857
glucose3: 8350.954428571427
kissat: 8637.797
exmaple_psids_dl: 8743.514142857142
parafrost: 8851.31142857143
parafrost_cbt: 8860.523571428572
kissat_unsat: 9322.460571428572
pausat: 10000.0
